Q1 = [0 0; 0 0.16];
b1 = [0 0]';

Q2 = [0.20 -0.26; 0.23 0.22];
b2 = [0 1.60]';

Q3 = [-0.15 0.28; 0.26 0.24];
b3 = [0 0.44]';

Q4 = [0.85 0.04; -0.04 0.85];
b4 = [0 1.60]';


Q1^100
Q2^100
Q3^100
Q4^100

